export const homeIcon = [
  <svg width="41" height="48" viewBox="0 0 41 48" fill="red" xmlns="http://www.w3.org/2000/svg">
    <path
      d="M7.891 35.9H9.191V45H7.891V35.9ZM2.665 45H1.365V35.9H2.665V45ZM8.008 40.944H2.535V39.813H8.008V40.944ZM14.6838 45.078C13.9905 45.078 13.3751 44.9263 12.8378 44.623C12.3005 44.3197 11.8758 43.9037 11.5638 43.375C11.2518 42.8377 11.0958 42.231 11.0958 41.555C11.0958 40.8703 11.2518 40.2637 11.5638 39.735C11.8758 39.2063 12.3005 38.7947 12.8378 38.5C13.3751 38.1967 13.9905 38.045 14.6838 38.045C15.3685 38.045 15.9795 38.1967 16.5168 38.5C17.0628 38.7947 17.4875 39.2063 17.7908 39.735C18.1028 40.255 18.2588 40.8617 18.2588 41.555C18.2588 42.2397 18.1028 42.8463 17.7908 43.375C17.4875 43.9037 17.0628 44.3197 16.5168 44.623C15.9795 44.9263 15.3685 45.078 14.6838 45.078ZM14.6838 43.986C15.1258 43.986 15.5201 43.8863 15.8668 43.687C16.2221 43.4877 16.4995 43.206 16.6988 42.842C16.8981 42.4693 16.9978 42.0403 16.9978 41.555C16.9978 41.061 16.8981 40.6363 16.6988 40.281C16.4995 39.917 16.2221 39.6353 15.8668 39.436C15.5201 39.2367 15.1258 39.137 14.6838 39.137C14.2418 39.137 13.8475 39.2367 13.5008 39.436C13.1541 39.6353 12.8768 39.917 12.6688 40.281C12.4608 40.6363 12.3568 41.061 12.3568 41.555C12.3568 42.0403 12.4608 42.4693 12.6688 42.842C12.8768 43.206 13.1541 43.4877 13.5008 43.687C13.8475 43.8863 14.2418 43.986 14.6838 43.986ZM28.6038 38.045C29.1584 38.045 29.6481 38.1533 30.0728 38.37C30.4974 38.5867 30.8268 38.916 31.0608 39.358C31.3034 39.8 31.4248 40.359 31.4248 41.035V45H30.1768V41.178C30.1768 40.5107 30.0208 40.008 29.7088 39.67C29.3968 39.332 28.9591 39.163 28.3958 39.163C27.9798 39.163 27.6158 39.2497 27.3038 39.423C26.9918 39.5963 26.7491 39.852 26.5758 40.19C26.4111 40.528 26.3288 40.9483 26.3288 41.451V45H25.0808V41.178C25.0808 40.5107 24.9248 40.008 24.6128 39.67C24.3094 39.332 23.8718 39.163 23.2998 39.163C22.8924 39.163 22.5328 39.2497 22.2208 39.423C21.9088 39.5963 21.6661 39.852 21.4928 40.19C21.3194 40.528 21.2328 40.9483 21.2328 41.451V45H19.9848V38.11H21.1808V39.943L20.9858 39.475C21.2024 39.0243 21.5361 38.6733 21.9868 38.422C22.4374 38.1707 22.9618 38.045 23.5598 38.045C24.2184 38.045 24.7861 38.2097 25.2628 38.539C25.7394 38.8597 26.0514 39.3493 26.1988 40.008L25.6918 39.8C25.8998 39.2713 26.2638 38.8467 26.7838 38.526C27.3038 38.2053 27.9104 38.045 28.6038 38.045ZM36.7891 45.078C36.0524 45.078 35.4024 44.9263 34.8391 44.623C34.2844 44.3197 33.8511 43.9037 33.5391 43.375C33.2358 42.8463 33.0841 42.2397 33.0841 41.555C33.0841 40.8703 33.2314 40.2637 33.5261 39.735C33.8294 39.2063 34.2411 38.7947 34.7611 38.5C35.2898 38.1967 35.8834 38.045 36.5421 38.045C37.2094 38.045 37.7988 38.1923 38.3101 38.487C38.8214 38.7817 39.2201 39.1977 39.5061 39.735C39.8008 40.2637 39.9481 40.8833 39.9481 41.594C39.9481 41.646 39.9438 41.7067 39.9351 41.776C39.9351 41.8453 39.9308 41.9103 39.9221 41.971H34.0591V41.074H39.2721L38.7651 41.386C38.7738 40.944 38.6828 40.5497 38.4921 40.203C38.3014 39.8563 38.0371 39.5877 37.6991 39.397C37.3698 39.1977 36.9841 39.098 36.5421 39.098C36.1088 39.098 35.7231 39.1977 35.3851 39.397C35.0471 39.5877 34.7828 39.8607 34.5921 40.216C34.4014 40.5627 34.3061 40.9613 34.3061 41.412V41.62C34.3061 42.0793 34.4101 42.491 34.6181 42.855C34.8348 43.2103 35.1338 43.4877 35.5151 43.687C35.8964 43.8863 36.3341 43.986 36.8281 43.986C37.2354 43.986 37.6038 43.9167 37.9331 43.778C38.2711 43.6393 38.5658 43.4313 38.8171 43.154L39.5061 43.96C39.1941 44.324 38.8041 44.6013 38.3361 44.792C37.8768 44.9827 37.3611 45.078 36.7891 45.078Z"
      fill="black"
    />
    <path
      d="M7.1875 17L19.873 4.31446C20.4954 3.69206 21.5046 3.69206 22.127 4.31445L34.8125 17M10.375 13.8125V28.1563C10.375 29.0365 11.0885 29.75 11.9688 29.75H17.8125V22.8438C17.8125 21.9635 18.526 21.25 19.4062 21.25H22.5938C23.474 21.25 24.1875 21.9635 24.1875 22.8438V29.75H30.0312C30.9115 29.75 31.625 29.0365 31.625 28.1563V13.8125M15.6875 29.75H27.375"
      stroke="#292D32"
      stroke-width="2"
      stroke-linecap="round"
      stroke-linejoin="round"
    />
  </svg>
];